23
chicken_Gallus_gallus                     0.0000000 0.0913937 0.0756075 0.0876740 0.1871034 0.2022612 0.2594426 0.0923450 0.1531879 0.0372202 0.0845196 0.2256890 0.0331993 0.0967735 0.2559551 0.3531278 0.0587983 0.2657503 0.2218725 0.2519033 0.0878644 0.0905253 0.0742123 
human_Homo_sapiens                        0.0913937 0.0000000 0.0611983 0.1228472 0.2093575 0.2214059 0.2843542 0.0206648 0.1814717 0.1307018 0.0307118 0.2597855 0.1087344 0.0392350 0.2962585 0.3605521 0.0995843 0.2796975 0.2535456 0.2604966 0.0306698 0.0678878 0.0747249 
kangaroo_Macropus_eugenii                 0.0756075 0.0611983 0.0000000 0.1085988 0.2279968 0.2467901 0.2977949 0.0629592 0.1946501 0.1442952 0.0718125 0.2861166 0.1058809 0.0867344 0.2975793 0.3462802 0.0849863 0.2543078 0.2943052 0.2706057 0.0756000 0.0199463 0.0748806 
lizard_Anolis_carolinensis                0.0876740 0.1228472 0.1085988 0.0000000 0.2185662 0.2167447 0.2880895 0.1204312 0.1843978 0.1236113 0.1147774 0.2686912 0.0901428 0.1262369 0.2968597 0.3641412 0.0888945 0.2733032 0.2571199 0.2267122 0.1182891 0.1102278 0.1220137 
coelacanth_Latimeria_chalumnae            0.1871034 0.2093575 0.2279968 0.2185662 0.0000000 0.2288848 0.2846573 0.2032964 0.2459445 0.2429847 0.2225995 0.2396282 0.2718973 0.2220920 0.2663417 0.3539045 0.2090089 0.3009088 0.2394184 0.3147901 0.2143764 0.2076181 0.2376931 
gar_Lepisosteus_oculatus                  0.2022612 0.2214059 0.2467901 0.2167447 0.2288848 0.0000000 0.2878233 0.2187268 0.2698140 0.2790481 0.2381726 0.2739314 0.2867383 0.2365087 0.3163049 0.2429105 0.2288680 0.1819974 0.2833410 0.1797713 0.2329697 0.2180969 0.2535112 
shark_Callorhinchus_milii                 0.2594426 0.2843542 0.2977949 0.2880895 0.2846573 0.2878233 0.0000000 0.2807872 0.3303036 0.3365829 0.2942597 0.3415491 0.3362467 0.2955474 0.3518001 0.4354547 0.2876873 0.3291620 0.3374259 0.3139384 0.2912857 0.2894626 0.3526409 
dog_Canis_lupus_familiaris                0.0923450 0.0206648 0.0629592 0.1204312 0.2032964 0.2187268 0.2807872 0.0000000 0.1782522 0.1306682 0.0291297 0.2543221 0.1120066 0.0406226 0.2940642 0.3624159 0.0985618 0.2771217 0.2485009 0.2633873 0.0278605 0.0690792 0.0759190 
frog_Silurana_tropicalis                  0.1531879 0.1814717 0.1946501 0.1843978 0.2459445 0.2698140 0.3303036 0.1782522 0.0000000 0.2266952 0.1985334 0.2703088 0.2056144 0.1986287 0.3008038 0.4026649 0.1708147 0.3001663 0.2763709 0.3051079 0.1936227 0.1774947 0.1892987 
turkey_Meleagris_gallopavo                0.0372202 0.1307018 0.1442952 0.1236113 0.2429847 0.2790481 0.3365829 0.1306682 0.2266952 0.0000000 0.1380668 0.2770951 0.0899245 0.1506741 0.3133103 0.4182276 0.0893123 0.3442491 0.2646440 0.3715699 0.1436076 0.1336141 0.1887685 
armadillo_Dasypus_novemcinctus            0.0845196 0.0307118 0.0718125 0.1147774 0.2225995 0.2381726 0.2942597 0.0291297 0.1985334 0.1380668 0.0000000 0.2601453 0.1339125 0.0537988 0.3001428 0.3961160 0.0924203 0.2897765 0.2646252 0.2888048 0.0373836 0.0685630 0.1059418 
African-lungfish_Protopterus_annectens    0.2256890 0.2597855 0.2861166 0.2686912 0.2396282 0.2739314 0.3415491 0.2543221 0.2703088 0.2770951 0.2601453 0.0000000 0.3019629 0.2591182 0.1821102 0.4089896 0.2555018 0.3384868 0.0571765 0.3664833 0.2550371 0.2579274 0.2700703 
zebrafinch_Taeniopygia_guttata            0.0331993 0.1087344 0.1058809 0.0901428 0.2718973 0.2867383 0.3362467 0.1120066 0.2056144 0.0899245 0.1339125 0.3019629 0.0000000 0.1475890 0.3861681 0.3833222 0.0635348 0.2035165 0.3165282 0.2589885 0.1318004 0.0935356 0.1245817 
mouse_Mus_musculus                        0.0967735 0.0392350 0.0867344 0.1262369 0.2220920 0.2365087 0.2955474 0.0406226 0.1986287 0.1506741 0.0537988 0.2591182 0.1475890 0.0000000 0.2887912 0.3689581 0.1084868 0.2767834 0.2608952 0.2850088 0.0502337 0.0756536 0.1083283 
Australian-lungfish_Neoceratodus_forsteri 0.2559551 0.2962585 0.2975793 0.2968597 0.2663417 0.3163049 0.3518001 0.2940642 0.3008038 0.3133103 0.3001428 0.1821102 0.3861681 0.2887912 0.0000000 0.4115597 0.3091020 0.3472813 0.1324761 0.4255540 0.2854037 0.2986871 0.3020846 
pufferfish_Takifugu_rubripes              0.3531278 0.3605521 0.3462802 0.3641412 0.3539045 0.2429105 0.4354547 0.3624159 0.4026649 0.4182276 0.3961160 0.4089896 0.3833222 0.3689581 0.4115597 0.0000000 0.3903176 0.0975269 0.4360107 0.2024497 0.3740039 0.3572496 0.3408468 
turtle_Pelodiscus_sinensis                0.0587983 0.0995843 0.0849863 0.0888945 0.2090089 0.2288680 0.2876873 0.0985618 0.1708147 0.0893123 0.0924203 0.2555018 0.0635348 0.1084868 0.3091020 0.3903176 0.0000000 0.2938880 0.2584696 0.2493976 0.0981684 0.0917431 0.0931802 
tilapia_Oreochromis_niloticus             0.2657503 0.2796975 0.2543078 0.2733032 0.3009088 0.1819974 0.3291620 0.2771217 0.3001663 0.3442491 0.2897765 0.3384868 0.2035165 0.2767834 0.3472813 0.0975269 0.2938880 0.0000000 0.3610308 0.1477978 0.2811155 0.2675875 0.2666432 
American-lungfish_Lepidosiren_paradoxa    0.2218725 0.2535456 0.2943052 0.2571199 0.2394184 0.2833410 0.3374259 0.2485009 0.2763709 0.2646440 0.2646252 0.0571765 0.3165282 0.2608952 0.1324761 0.4360107 0.2584696 0.3610308 0.0000000 0.4284188 0.2574944 0.2487174 0.2582443 
zebrafish_Danio_rerio                     0.2519033 0.2604966 0.2706057 0.2267122 0.3147901 0.1797713 0.3139384 0.2633873 0.3051079 0.3715699 0.2888048 0.3664833 0.2589885 0.2850088 0.4255540 0.2024497 0.2493976 0.1477978 0.4284188 0.0000000 0.2808188 0.2185646 0.2807766 
elephant_Loxodonta_africana               0.0878644 0.0306698 0.0756000 0.1182891 0.2143764 0.2329697 0.2912857 0.0278605 0.1936227 0.1436076 0.0373836 0.2550371 0.1318004 0.0502337 0.2854037 0.3740039 0.0981684 0.2811155 0.2574944 0.2808188 0.0000000 0.0699333 0.0967823 
opossum_Monodelphis_domestica             0.0905253 0.0678878 0.0199463 0.1102278 0.2076181 0.2180969 0.2894626 0.0690792 0.1774947 0.1336141 0.0685630 0.2579274 0.0935356 0.0756536 0.2986871 0.3572496 0.0917431 0.2675875 0.2487174 0.2185646 0.0699333 0.0000000 0.0772910 
platypus_Ornithorhynchus_anatinus         0.0742123 0.0747249 0.0748806 0.1220137 0.2376931 0.2535112 0.3526409 0.0759190 0.1892987 0.1887685 0.1059418 0.2700703 0.1245817 0.1083283 0.3020846 0.3408468 0.0931802 0.2666432 0.2582443 0.2807766 0.0967823 0.0772910 0.0000000 
